0,861
1,-748
2,-462
3,419
4,-879
5,-854
6,-279
7,-24
8,487
9,-400
10,-342
11,-646
12,686
13,-470
14,-1
15,-863
16,941
17,-532
18,136
19,-35
20,422
21,862
22,200
23,793
24,815
25,-128
26,80
27,277
28,-204
29,-41
30,-636
31,-745
32,-501
33,-88
34,-800
35,572
36,-268
37,187
38,-807
39,571
40,200
41,-439
42,438
43,6
44,390
45,-124
46,-863
47,-609
48,467
49,-657
50,542
51,-278
52,-935
53,261
54,-686
55,-454
56,863
57,252
58,-254
59,-338
60,109
61,231
62,707
63,-960
64,924
65,707
66,-923
67,-453
68,896
69,551
70,-827
71,292
72,210
73,-425
74,102
75,236
76,-181
77,199
78,531
79,-307
80,865
81,492
82,-828
83,87
84,-205
85,-566
86,-182
87,-252
88,-337
89,959
90,168
91,760
92,937
93,-577
94,546
95,-557
96,100
97,483
98,-917
99,816
100,800
101,-755
102,-197
103,106
104,-435
105,587
106,880
107,110
108,83
109,948
110,781
111,693
112,-988
113,380
114,962
115,216
116,344
117,-674
118,-446
119,625
120,-933
121,-156
122,-459
123,-647
124,-584
125,966
126,176
127,-600
128,185
129,208
130,-631
131,-310
132,-716
133,-882
134,-340
135,-389
136,657
137,693
138,-792
139,874
140,631
141,-865
142,31
143,-928
144,-531
145,553
146,-678
147,238
148,866
149,512
150,118
151,778
152,-857
153,147
154,688
155,-749
156,164
157,432
158,423
159,807
160,193
161,443
162,143
163,381
164,658
165,-394
166,375
167,248
168,969
169,775
170,992
171,-531
172,604
173,434
174,-646
175,845
176,-513
177,706
178,366
179,231
180,30
181,851
182,-863
183,-185
184,80
185,-796
186,0
187,-316
188,-102
189,-171
190,-624
191,-524
192,-334
193,-387
194,-325
195,219
196,318
197,135
198,-930
199,869
200,-362
201,484
202,747
203,673
204,749
205,181
206,-212
207,340
208,823
209,-511
210,-550
211,785
212,-598
213,-866
214,-221
215,-397
216,-316
217,790
218,-485
219,7
220,-1000
221,127
222,-727
223,279
224,-806
225,955
226,18
227,535
228,80
229,210
230,673
231,-972
232,-430
233,703
234,-415
235,969
236,235
237,-137
238,-995
239,-928
240,-261
241,-635
242,284
243,417
244,-485
245,-923
246,-506
247,807
248,225
249,237
250,-341
251,-771
252,-667
253,613
254,-551
255,434
256,835
257,310
258,807
259,-166
260,2
261,808
262,185
263,311
264,-805
265,562
266,-831
267,538
268,-48
269,742
270,347
271,860
272,302
273,917
274,360
275,-922
276,-933
277,274
278,714
279,-554
280,234
281,-506
282,-920
283,24
284,949
285,-146
286,-978
287,-967
288,-990
289,631
290,437
291,-556
292,-384
293,-888
294,431
295,870
296,414
297,168
298,-997
299,-314
300,497
301,-441
302,952
303,730
304,652
305,833
306,-593
307,-838
308,435
309,-927
310,717
311,17
312,205
313,-310
314,-821
315,-454
316,584
317,690
318,-677
319,274
320,-795
321,-577
322,784
323,357
324,94
325,89
326,491
327,-927
328,141
329,-916
330,867
331,63
332,876
333,-151
334,150
335,-805
336,865
337,-971
338,-599
339,-830
340,200
341,-412
342,-398
343,871
344,-921
345,829
346,-711
347,361
348,-338
349,-410
350,553
351,948
352,-296
353,-245
354,-38
355,-566
356,-888
357,-171
358,416
359,-360
360,238
361,547
362,540
363,-667
364,20
365,925
366,-863
367,-679
368,900
369,-631
370,663
371,427
372,-87
373,-256
374,605
375,-910
376,903
377,-224
378,119
379,186
380,398
381,-547
382,-266
383,400
384,-744
385,693
386,361
387,-995
388,-234
389,621
390,-91
391,79
392,-821
393,708
394,59
395,-392
396,-278
397,352
398,-752
399,-632
400,-489
401,-299
402,-863
403,-252
404,961
405,-492
406,-688
407,-557
408,-153
409,-730
410,-922
411,-948
412,-279
413,-925
414,-587
415,483
416,-262
417,82
418,614
419,139
420,-20
421,-660
422,-265
423,-378
424,489
425,-770
426,-373
427,788
428,-490
429,-257
430,-848
431,-335
432,255
433,-226
434,911
435,-391
436,415
437,-493
438,862
439,869
440,922
441,9
442,53
443,526
444,-163
445,-247
446,116
447,815
448,621
449,-607
450,286
451,-755
452,-763
453,-60
454,776
455,404
456,-714
457,959
458,875
459,-815
460,297
461,5
462,-589
463,-868
464,-704
465,-767
466,88
467,951
468,815
469,-168
470,-873
471,3
472,298
473,-817
474,-34
475,692
476,792
477,-859
478,-470
479,475
480,333
481,31
482,-758
483,451
484,-593
485,-710
486,-980
487,-996
488,486
489,729
490,225
491,264
492,-748
493,-868
494,-619
495,-619
496,-106
497,624
498,-312
499,663
500,833
501,-198
502,-407
503,-748
504,896
505,-255
506,-197
507,-871
508,-862
509,-144
510,-125
511,-165
512,230
513,275
514,-406
515,147
516,366
517,-615
518,538
519,293
520,265
521,467
522,-755
523,971
524,856
525,-792
526,119
527,-54
528,-711
529,797
530,827
531,355
532,-318
533,700
534,-819
535,379
536,939
537,-423
538,444
539,983
540,-143
541,-683
542,-503
543,-176
544,891
545,-736
546,-529
547,398
548,668
549,-399
550,-6
551,-659
552,-130
553,991
554,-562
555,-301
556,784
557,-347
558,-881
559,-780
560,-338
561,120
562,-435
563,881
564,974
565,735
566,814
567,668
568,-841
569,-258
570,541
571,-430
572,213
573,891
574,790
575,-968
576,-580
577,825
578,444
579,-692
580,244
581,560
582,-674
583,-411
584,867
585,-934
586,-495
587,125
588,949
589,-219
590,-666
591,-297
592,220
593,-530
594,369
595,380
596,403
597,-137
598,-781
599,-376
600,-61
601,-290
602,-854
603,-72
604,802
605,-410
606,798
607,235
608,-587
609,-952
610,-957
611,-757
612,391
613,729
614,-329
615,842
616,-358
617,427
618,-927
619,-576
620,-634
621,322
622,170
623,453
624,-153
625,54
626,-477
627,-316
628,-534
629,926
630,907
631,-5
632,742
633,-914
634,637
635,768
636,256
637,653
638,110
639,215
640,804
641,293
642,694
643,440
644,38
645,51
646,-917
647,498
648,191
649,499
650,-117
651,-363
652,787
653,109
654,-288
655,434
656,875
657,-134
658,-208
659,-524
660,-155
661,-203
662,43
663,29
664,-946
665,-947
666,-818
667,727
668,-347
669,637
670,740
671,-142
672,641
673,-735
674,-935
675,517
676,-723
677,376
678,516
679,-57
680,629
681,-955
682,529
683,-741
684,-146
685,-597
686,142
687,907
688,-200
689,-943
690,-46
691,825
692,664
693,69
694,-217
695,-353
696,-137
697,-368
698,-632
699,577
700,578
701,819
702,286
703,0
704,934
705,129
706,-97
707,-284
708,-87
709,37
710,-516
711,-3
712,860
713,-78
714,-167
715,-768
716,-552
717,-409
718,-590
719,-194
720,-763
721,-396
722,795
723,-227
724,-778
725,975
726,-821
727,-96
728,349
729,147
730,680
731,-93
732,788
733,-729
734,609
735,-180
736,-787
737,-800
738,100
739,-662
740,-600
741,-532
742,-264
743,797
744,-233
745,-299
746,828
747,-524
748,-606
749,-234
750,280
751,648
752,-781
753,-609
754,-573
755,425
756,565
757,895
758,918
759,437
760,279
761,464
762,54
763,734
764,-788
765,-792
766,148
767,660
768,-372
769,-407
770,973
771,568
772,605
773,17
774,-593
775,-403
776,-387
777,663
778,-170
779,-4
780,371
781,69
782,362
783,-418
784,247
785,731
786,-623
787,654
788,-480
789,392
790,-456
791,972
792,901
793,-482
794,985
795,-741
796,960
797,322
798,-378
799,706
800,-155
801,775
802,-144
803,683
804,-634
805,-244
806,-992
807,-674
808,-350
809,-89
810,-940
811,210
812,-476
813,452
814,545
815,-826
816,625
817,56
818,679
819,-190
820,-111
821,822
822,338
823,-551
824,-809
825,974
826,872
827,-148
828,805
829,-989
830,-529
831,235
832,425
833,-159
834,97
835,142
836,-695
837,193
838,694
839,159
840,-683
841,-25
842,660
843,-460
844,-298
845,-276
846,635
847,324
848,569
849,-359
850,-148
851,-557
852,-799
853,236
854,-113
855,-275
856,-305
857,105
858,533
859,-657
860,484
861,19
862,975
863,-118
864,-908
865,286
866,-52
867,-980
868,-551
869,-725
870,-90
871,-181
872,-841
873,-503
874,-292
875,925
876,710
877,-374
878,-344
879,578
880,472
881,-524
882,-891
883,-726
884,-969
885,334
886,890
887,9
888,907
889,-855
890,523
891,263
892,-12
893,975
894,718
895,992
896,901
897,464
898,-311
899,-709
900,404
901,-348
902,-333
903,259
904,511
905,308
906,-189
907,-610
908,-284
909,378
910,817
911,220
912,-30
913,638
914,-231
915,393
916,441
917,-530
918,-1
919,315
920,483
921,-367
922,213
923,-963
924,719
925,899
926,-272
927,-284
928,299
929,770
930,861
931,-889
932,-45
933,-22
934,20
935,416
936,-239
937,-415
938,822
939,-433
940,717
941,-526
942,249
943,-139
944,383
945,-162
946,429
947,46
948,500
949,-541
950,-987
951,-270
952,203
953,-204
954,-501
955,-571
956,447
957,-265
958,-552
959,938
960,-340
961,-121
962,-154
963,-904
964,-34
965,20
966,-891
967,-658
968,-237
969,-904
970,-543
971,707
972,-39
973,-876
974,96
975,992
976,391
977,20
978,340
979,955
980,-255
981,101
982,-654
983,908
984,-123
985,-484
986,-204
987,-718
988,253
989,-889
990,96
991,140
992,-824
993,955
994,-170
995,919
996,691
997,357
998,285
999,52
